rup,obj,P_hist,P_new,P_ccgt,P_ccgt_bioch4,P_won,P_wof,P_pv,P_ror,P_lake,P_cogen,P_charge,P_discharge,E_hist,E_new,E_ccgt,E_ccgt_bioch4,E_won,E_wof,E_pv,E_ror,E_lake,E_cogen,
0.001,7.35e+11,0,59664.048163256426,11981.8461209392,55101.95875979663,153.0,9700.262672397208,29177.598151199287,6678.0,13610.0,2000.0,5394.0,5394.0,0.0,60.53136317267451,0.11144564832439062,22.53197603410208,0.05041618463105295,4.433157119503199,5.305562940536182,3.577187491105337,2.6765084655023093,0.3933149839092302,
0.002,7.28e+11,0,64470.98718140063,11191.462620167029,50591.3661542346,153.0,11984.827242062023,25360.85361578509,6678.0,13610.0,2000.0,5394.0,5394.0,0.0,64.23169273671903,0.08837556168001583,18.5181233131403,0.050416184631053,5.477235411918289,4.6115380843553755,3.5771874911053403,2.676508465502312,0.39331498390923053,
0.003,7.22e+11,0,68787.2777821895,11191.462620167029,45829.47651230525,153.0,14045.40084271171,25234.975137577654,6678.0,13610.0,2000.0,5394.0,5394.0,0.0,67.32070909459576,0.08415545945487987,14.596001829997988,0.05041618463105331,6.418946666189239,4.5886487366603825,3.577187491105363,2.676508465502329,0.3933149839092331,
0.004,7.18e+11,0,68278.90738713412,11175.027448649289,43945.55644815151,2732.715149666441,16250.448001187435,27514.916779437037,6678.0,13610.0,2000.0,5394.0,5394.0,0.0,65.96930207450339,0.10109659494918358,13.670354003190816,0.9004775916971179,7.426684377999143,5.00322617442444,3.577187491105342,2.6765084655023132,0.3933149839092308,
0.005,7.15e+11,0,68658.62266339346,10761.191552270739,41544.91449375265,5849.020715192764,16717.681500075505,27394.500329690953,6678.0,13610.0,2000.0,5394.0,5394.0,0.0,65.82545725042566,0.12279357762126142,12.625968291945883,1.9273549561308014,7.640216689650887,4.981330024854729,3.577187491105345,2.676508465502315,0.3933149839092311,
0.006,7.12e+11,0,67950.05493598507,10860.368904421939,41360.430297041996,6863.540025903808,18602.846909689022,29340.79179303092,6678.0,13610.0,2000.0,5394.0,5394.0,0.0,64.6879299254773,0.12287418891694843,12.23641869831768,2.261656870382949,8.501763921856377,5.335237560556224,3.577187491105369,2.6765084655023332,0.39331498390923375,
0.007,7.11e+11,0,67394.06750701727,11231.204804028981,40943.50573183356,8025.449259127534,19903.830114405504,29685.109061847204,6678.0,13610.0,2000.0,5394.0,5394.0,0.0,63.95187998783343,0.12944339271338617,11.947653219170913,2.64452635029623,9.09633163111587,5.397847132864109,3.5771874911053567,2.676508465502324,0.39331498390923236,
0.008,7.09e+11,0,67217.2603187479,11274.615987881938,40738.59854171172,9864.81193445063,20064.26332454964,29769.893550605917,6678.0,13610.0,2000.0,5394.0,5394.0,0.0,63.66672266085467,0.12333620926921346,11.565222002277277,3.2506286263913475,9.169651875296307,5.413264078397397,3.577187491105327,2.6765084655023017,0.3933149839092291,
0.009,7.08e+11,0,67509.56184391736,11262.867523064175,40259.10710972494,11553.76854906181,19870.26683883891,29696.164087822202,6678.0,13610.0,2000.0,5394.0,5394.0,0.0,63.848383959423394,0.11646990667037423,10.96678388706632,3.807169466365713,9.080992739886106,5.399857344116425,3.577187491105348,2.6765084655023172,0.3933149839092314,
0.01,7.06e+11,0,67419.11161332985,11312.013875601871,40098.46846226931,12722.64644209727,20088.13378594452,29914.792886690164,6678.0,13610.0,2000.0,5394.0,5394.0,0.0,63.72382482869588,0.11264266153356076,10.595484369438521,4.192335241963289,9.180561013476627,5.439612119235209,3.577187491105331,2.6765084655023044,0.39331498390922953,
0.011,7.05e+11,0,67004.39970319379,11312.533426579124,40181.63210061008,14422.913523940808,20609.320981628054,30075.588555555732,6678.0,13610.0,2000.0,5394.0,5394.0,0.0,63.1229186934971,0.10561053785889427,10.386489937015815,4.75260307935107,9.41875092700482,5.46885069937166,3.577187491105355,2.6765084655023226,0.39331498390923214,
0.012,7.04e+11,0,66350.90768623464,11416.782672919053,40334.18975031572,16303.551078411752,21353.138297960784,30567.77084564272,6678.0,13610.0,2000.0,5394.0,5394.0,0.0,62.16413079928995,0.10050476375011384,10.300844869878881,5.372306152359571,9.758685951743237,5.558347583410651,3.5771874911053643,2.6765084655023292,0.39331498390923314,
0.013,7.03e+11,0,65439.16615133388,11632.822774537559,40624.32582222887,18172.86721499375,22154.221845458647,31019.375944117448,6678.0,13610.0,2000.0,5394.0,5394.0,0.0,61.00415684492503,0.09825851693864034,10.390947781608993,5.9882786195211635,10.12479245337563,5.64046603818571,3.577187491105352,2.67650846550232,0.39331498390923175,
0.014,7.03e+11,0,64774.92970737293,11817.80865490362,40697.61033956942,19680.79349397317,23232.256229272112,31745.0686216094,6678.0,13610.0,2000.0,5394.0,5394.0,0.0,59.950701289552256,0.09632664103014162,10.325722790068212,6.4851667874364445,10.617469400905158,5.772423718731141,3.577187491105331,2.6765084655023044,0.39331498390922953,
0.015,7.02e+11,0,64291.21155039767,11955.486208457965,40645.6787157012,21792.16258328074,23807.707002684205,32057.028432123,6678.0,13610.0,2000.0,5394.0,5394.0,0.0,59.072549326070344,0.09309461151668637,10.194013335451055,7.18089994972948,10.880458536275228,5.829149512301332,3.5771874911053576,2.6765084655023244,0.3933149839092325,
0.016,7.01e+11,0,64162.68266873382,12120.81867513272,40318.90044202831,23041.735242624498,24446.591836536518,31946.21365981149,6678.0,13610.0,2000.0,5394.0,5394.0,0.0,58.679249804908636,0.09342606806859503,9.916887307572974,7.592656066745089,11.172437933677935,5.808999301643347,3.577187491105343,2.6765084655023132,0.3933149839092308,
0.017,7.00e+11,0,64143.30555278456,12283.735092577275,39961.17859235298,24566.83832213409,24460.698663375286,31499.058010562218,6678.0,13610.0,2000.0,5394.0,5394.0,0.0,58.53634218119704,0.09479845864369169,9.644711145513043,8.095204291829674,11.178884952892377,5.727689920760985,3.5771874911053416,2.6765084655023124,0.39331498390923075,
0.018,7.00e+11,0,63939.74151582704,12336.039245570955,39857.68439153988,25284.190670561253,25311.22713697885,31276.085127864615,6678.0,13610.0,2000.0,5394.0,5394.0,0.0,58.161384309281615,0.09400677341651964,9.447428138197436,8.331584477737055,11.567588484480803,5.687145231062613,3.5771874911053567,2.676508465502324,0.39331498390923236,
0.019,6.99e+11,0,63670.283914374384,12388.802767108718,39885.942972888944,26127.296481916845,25702.759012267936,31227.873144351397,6678.0,13610.0,2000.0,5394.0,5394.0,0.0,57.83419423130116,0.09336751135349138,9.33471715117211,8.609402636226019,11.746524084378402,5.6783785151837805,3.577187491105343,2.6765084655023132,0.3933149839092308,
0.02,6.99e+11,0,63208.544119491286,12500.459025754557,39968.614081544,26827.4458378055,26635.727255844165,31105.567509075943,6678.0,13610.0,2000.0,5394.0,5394.0,0.0,57.235149327543155,0.09395458412529344,9.301138346648873,8.840114134237744,12.172903755833007,5.656138842042294,3.577187491105336,2.6765084655023084,0.39331498390923014,
0.021,6.98e+11,0,62950.85343155104,12591.418322690703,39867.308836715034,27380.663682354134,27683.824022430006,30987.528662536464,6678.0,13610.0,2000.0,5394.0,5394.0,0.0,56.75895691008732,0.09440078683155444,9.146630521025747,9.022409121113311,12.65189878922943,5.6346750283830005,3.5771874911053505,2.676508465502319,0.3933149839092317,
0.022,6.98e+11,0,62663.515451666986,12645.51627636308,39901.68120832535,28678.09427022748,27787.10709384881,30833.2681757365,6678.0,13610.0,2000.0,5394.0,5394.0,0.0,56.39582773006535,0.0943971841209206,9.06789838096807,9.4499352653237,12.699100612401338,5.606624785257624,3.5771874911053296,2.676508465502304,0.3933149839092294,
0.023,6.97e+11,0,62454.79027720841,12721.226170157057,39808.04907060099,29962.53979395095,28052.480255341114,30915.361694011794,6678.0,13610.0,2000.0,5394.0,5394.0,0.0,55.990540281317934,0.09439705003999495,8.921153225350182,9.873182603052953,12.820379897295616,5.62155241315773,3.577187491105336,2.6765084655023084,0.39331498390923014,
0.024,6.97e+11,0,62264.60468072508,12774.80226100038,39675.909122640216,31208.716586740033,28577.644220279686,31233.51236867555,6678.0,13610.0,2000.0,5394.0,5394.0,0.0,55.47791989166676,0.09337936238030692,8.734830005938612,10.283819722452906,13.060387250570601,5.679403934049066,3.5771874911053483,2.6765084655023177,0.3933149839092314,
0.025,6.96e+11,0,61796.54061504231,12811.97478945184,39905.599113661454,32326.209021290393,28830.518033519213,31440.626473279015,6678.0,13610.0,2000.0,5394.0,5394.0,0.0,54.92247050605435,0.09255091522238493,8.766897036379838,10.65205308783912,13.175954156680113,5.717064913275373,3.5771874911053403,2.676508465502311,0.3933149839092305,
0.026,6.96e+11,0,61422.43980422317,12897.476039823818,39998.55560398201,33097.41386956917,29316.20788243944,31863.945734899575,6678.0,13610.0,2000.0,5394.0,5394.0,0.0,54.404090536607455,0.09260935975677655,8.733992976690452,10.906178617376263,13.397921281110452,5.794039960187403,3.577187491105332,2.6765084655023053,0.3933149839092296,
0.027,6.95e+11,0,61385.07496197277,12947.132395476154,39791.817810649634,34424.55527582671,29372.6758814104,31841.06066503584,6678.0,13610.0,2000.0,5394.0,5394.0,0.0,54.16651405030657,0.09262904707573594,8.521826969088986,11.343494997568392,13.423727954611628,5.789878610855935,3.5771874911053354,2.676508465502308,0.39331498390923003,
0.028,6.95e+11,0,61201.71893191634,12992.61159160604,39667.93079268176,35277.220790594845,30158.738959330065,31624.156723682536,6678.0,13610.0,2000.0,5394.0,5394.0,0.0,53.72988976854251,0.09298585967467318,8.364565142992415,11.624463246072278,13.782969889386754,5.750437478418094,3.577187491105352,2.67650846550232,0.39331498390923175,
0.029,6.95e+11,0,60886.126490932504,13019.873528763354,39787.30609911716,36269.58209995264,30330.05438792027,31875.244682916513,6678.0,13610.0,2000.0,5394.0,5394.0,0.0,53.304592614458,0.0923023373953647,8.339740944378661,11.95146371008071,13.861263461177995,5.79609452545887,3.577187491105347,2.676508465502317,0.39331498390923136,
0.03,6.94e+11,0,60372.71507743914,13033.13892937655,40066.61329506743,36694.88019475885,31216.78702504652,32249.717132181067,6678.0,13610.0,2000.0,5394.0,5394.0,0.0,52.632890681597075,0.09120897910447848,8.395933827438496,12.091606894858426,14.266512807111518,5.86418742120631,3.577187491105353,2.6765084655023212,0.3933149839092319,
0.031,6.94e+11,0,60245.142799369176,13052.548318571091,39986.08799158857,36196.21708470754,32629.815512026846,32400.25169817761,6678.0,13610.0,2000.0,5394.0,5394.0,0.0,52.29974959338677,0.09120671045744967,8.232138337373385,11.927288650250233,14.9122867937214,5.891560154578032,3.577187491105334,2.676508465502307,0.39331498390922986,
0.032,6.93e+11,0,59716.256846618795,13058.435048072632,40348.69342932441,35892.44333385576,33739.636845964866,32493.956473668386,6678.0,13610.0,2000.0,5394.0,5394.0,0.0,51.76353278576944,0.09096177432421346,8.34113324169532,11.827189869145666,15.419490826651863,5.908599137074811,3.5771874911053563,2.6765084655023235,0.3933149839092323,
0.033,6.93e+11,0,59145.00801592847,13031.42998485966,40823.82779752434,35716.447739099385,34548.06925405149,32814.962805304414,6678.0,13610.0,2000.0,5394.0,5394.0,0.0,51.23454786050521,0.08985799172430348,8.496756427797198,11.769196232547658,15.78895586142297,5.966969921673983,3.577187491105347,2.6765084655023164,0.39331498390923125,
0.034,6.93e+11,0,58752.72541597921,13050.936774972059,41146.92681695386,34742.41894950602,35560.79958261814,33052.21242838919,6678.0,13610.0,2000.0,5394.0,5394.0,0.0,50.96181158008625,0.09041701874414651,8.58518882919499,11.448236655475155,16.2517879328676,6.010110649069459,3.5771874911053616,2.6765084655023275,0.3933149839092329,
0.035,6.93e+11,0,58675.650507281905,13045.225874157788,41193.94896496763,33651.77972536528,36585.94946671314,33076.36235159696,6678.0,13610.0,2000.0,5394.0,5394.0,0.0,50.945721798097246,0.09076354920695916,8.499969534657867,11.088851894101555,16.720295916694106,6.014501995366112,3.5771874911053354,2.676508465502308,0.39331498390923003,
0.036,6.92e+11,0,58816.88614373208,13025.483123628097,41056.296932018595,33917.59112570789,36472.403248800976,32895.466997922194,6678.0,13610.0,2000.0,5394.0,5394.0,0.0,51.13017622227811,0.09035819146064085,8.325579010094312,11.176441414603016,16.6684036905422,5.981608551581006,3.577187491105354,2.676508465502322,0.39331498390923214,
0.037,6.92e+11,0,58890.29739466678,13027.857491786403,40893.899013138034,32925.46275564399,37701.28057008272,32536.96750616584,6678.0,13610.0,2000.0,5394.0,5394.0,0.0,51.1649708794381,0.09110039808589435,8.14127105050014,10.849517708179139,17.230017992115524,5.91642012833219,3.5771874911053483,2.6765084655023177,0.3933149839092314,
0.038,6.92e+11,0,59016.84353083055,13079.537895950205,40743.171027217286,34686.09575409032,36212.040115610085,32285.264766736946,6678.0,13610.0,2000.0,5394.0,5394.0,0.0,51.41691227479479,0.09158307874030695,8.035801798373674,11.429677174304544,16.54941405938024,5.870651291588821,3.577187491105329,2.676508465502303,0.39331498390922937,
0.039,6.92e+11,0,58916.96759346939,13084.61525210809,40816.28927599805,34308.23987830612,36618.110445404905,32228.27337189119,6678.0,13610.0,2000.0,5394.0,5394.0,0.0,51.4023996681961,0.09189743465213583,8.005658375315573,11.305167033144713,16.73499393843571,5.860288155087478,3.577187491105347,2.676508465502317,0.39331498390923136,
0.04,6.91e+11,0,58897.443920592515,13057.497308466583,40823.51596485402,33948.45200590266,37107.62000682077,32041.943271533448,6678.0,13610.0,2000.0,5394.0,5394.0,0.0,51.424221458247075,0.09163025292916606,7.92335446522487,11.186610616130986,16.958706725454515,5.826406474010067,3.5771874911053643,2.6765084655023292,0.39331498390923314,
0.041,6.91e+11,0,58774.609858201526,13063.646532299314,40909.46060532304,33583.24956862419,37553.71335619954,31918.012571894407,6678.0,13610.0,2000.0,5394.0,5394.0,0.0,51.37762472347235,0.0920296910678066,7.913893055273044,11.066270004983656,17.162577690040752,5.803871304261271,3.5771874911053665,2.676508465502331,0.3933149839092334,
0.042,6.91e+11,0,58635.463811362715,13057.359954463442,41043.28170375485,32900.880907346625,38136.12529041947,32008.85386834901,6678.0,13610.0,2000.0,5394.0,5394.0,0.0,51.32035055829132,0.09210315076249753,7.917078542551188,10.84141755783714,17.428748174270776,5.82038960071055,3.577187491105358,2.676508465502325,0.3933149839092325,
0.043,6.91e+11,0,58551.33409632413,13052.486349549927,41132.36692478038,32905.693946103405,38132.017289318435,32008.213125733873,6678.0,13610.0,2000.0,5394.0,5394.0,0.0,51.33148864008589,0.09199905137901959,7.90899072927243,10.843003538559987,17.42687075971584,5.820273090082917,3.5771874911053567,2.676508465502324,0.39331498390923236,
0.044,6.91e+11,0,58417.21078902389,13061.438595143947,41244.74469884156,32153.87731312237,38773.70411381798,32108.299781982474,6678.0,13610.0,2000.0,5394.0,5394.0,0.0,51.270540272360634,0.09245002928935833,7.910222399566972,10.59526676616082,17.720130706440344,5.838472533761673,3.5771874911053465,2.676508465502316,0.39331498390923114,
0.045,6.90e+11,0,58424.46801571967,13065.214455524678,41222.04894368027,31468.50322521355,39358.681224952976,32199.541180122695,6678.0,13610.0,2000.0,5394.0,5394.0,0.0,51.3029219723733,0.09276899808933033,7.830581397809628,10.369423978204285,17.987473512770094,5.855063583446671,3.5771874911053443,2.6765084655023146,0.393314983909231,
0.046,6.90e+11,0,58254.327887880485,13084.106387510736,41362.42157596306,30829.38450826862,39904.1786800019,32284.62476635743,6678.0,13610.0,2000.0,5394.0,5394.0,0.0,51.214709261489546,0.0933894526118625,7.864265048315719,10.158823146605199,18.236773558365993,5.870534915927014,3.5771874911053416,2.6765084655023124,0.39331498390923075,
0.047,6.90e+11,0,58280.5673625638,13076.10302760392,41353.69002483349,31387.93436951251,39427.44795729214,32210.26702338178,6678.0,13610.0,2000.0,5394.0,5394.0,0.0,51.31341790705181,0.0930259851210891,7.815618255329992,10.342875126540658,18.018900881218826,5.857013937146343,3.57718749110535,2.6765084655023186,0.3933149839092316,
0.048,6.90e+11,0,58197.30763483483,13078.026332580434,41429.62944813498,31070.771645744935,39698.15112098391,32252.489761102697,6678.0,13610.0,2000.0,5394.0,5394.0,0.0,51.29498369045192,0.09317728908330251,7.809245159049228,10.238364443929129,18.14261605243845,5.86469158735381,3.5771874911053256,2.6765084655023004,0.3933149839092289,
0.049,6.90e+11,0,58106.09235583001,13069.850784495764,41522.70727950944,30699.779035075044,40014.798904246716,32301.87867891324,6678.0,13610.0,2000.0,5394.0,5394.0,0.0,51.267222446288876,0.09313519015199981,7.807820648433113,10.116115869051383,18.287328564063557,5.8736723132741,3.5771874911053168,2.6765084655022937,0.393314983909228,
0.05,6.90e+11,0,57989.29968136152,13061.438595143944,41634.022711641555,29883.54586221288,40711.466216152614,32410.540878454052,6678.0,13610.0,2000.0,5394.0,5394.0,0.0,51.195397049312994,0.09324378349609862,7.813127764855304,9.847152716469692,18.60571537048377,5.893431106850405,3.577187491105337,2.6765084655023093,0.3933149839092302,
0.051,6.90e+11,0,57940.771636539255,13061.438595143944,41688.337552144614,30223.61554290721,40421.21161956565,32365.268619582464,6678.0,13610.0,2000.0,5394.0,5394.0,0.0,51.22371592113648,0.09312488819579867,7.812994962892747,9.959211643327926,18.473064918141965,5.885198941280825,3.5771874911053416,2.6765084655023124,0.39331498390923075,
0.052,6.90e+11,0,57866.69595326975,13061.438595143944,41759.54890624451,30055.288966365537,40564.88088896152,32387.67733397445,6678.0,13610.0,2000.0,5394.0,5394.0,0.0,51.20833751436904,0.09318373860206104,7.814805613221909,9.90374508279692,18.53872380450264,5.889273671627256,3.577187491105327,2.6765084655023013,0.3933149839092291,
0.053,6.89e+11,0,57793.905033161784,13058.250220940045,41833.24058391714,29920.853761983723,40679.62336154893,32405.57421134932,6678.0,13610.0,2000.0,5394.0,5394.0,0.0,51.195270088881486,0.09316373762241657,7.817258680145561,9.859446324071302,18.591162735946025,5.892527983680627,3.5771874911053403,2.676508465502311,0.3933149839092305,
0.054,6.89e+11,0,57733.96063215227,13075.668004554107,41877.441292928735,30019.234253149225,40595.654129957984,32392.47716884072,6678.0,13610.0,2000.0,5394.0,5394.0,0.0,51.19950823486757,0.09349536879678723,7.820498677445122,9.891864422154214,18.55278761050674,5.890146458546012,3.5771874911053256,2.6765084655023004,0.3933149839092289,
0.055,6.89e+11,0,57665.266113642465,13059.882618767562,41933.03015216134,29503.662109076715,41145.93730833502,32258.19295201835,6678.0,13610.0,2000.0,5394.0,5394.0,0.0,51.142658613727,0.09350764473628781,7.809426868085104,9.721974354139938,18.804274799292582,5.865728637703475,3.577187491105334,2.676508465502307,0.39331498390922986,
0.056,6.89e+11,0,57601.13939982836,13054.353352484704,41993.898136345444,29320.475125730736,41333.36300615488,32225.38089399603,6678.0,13610.0,2000.0,5394.0,5394.0,0.0,51.106078802797484,0.09350165168706667,7.811213994201964,9.66161102881726,18.889930991782414,5.8597621959784645,3.5771874911053505,2.676508465502319,0.3933149839092317,
